# numero_iteraciones:  1
# numero_hilos:        100000
# max_path_length:     1500000
# beta_diff:           1
# delta_diff:          0.5
# Tmin:                1000
# Tmax:                1500
# densidad_uniforme:   0
# Cyril:               1
# Z-Order              0
# emisividad:          0.85
# lambda:              0.0042
# difusion:            0.100347
# num_intervalos:      64
# umbral_bbox_hits:    50
# object_name:         kelvinCell.obj
# caminos_generados:   5519269
# caminos_cortados:    880712
# %% cortados:         13.7612
# puntos_generados:    3695932490
# tiempo:              28m 0s

     95889       2744
     88621       7689
     81131      13116
     74056      18118
     67163      22962
     60300      28137
     53729      33285
     47160      38326
     43627      40908
     42641      41819
     42628      41822
     42720      41814
     42537      41530
     42546      42050
     42973      41493
     42976      41550
     42440      42137
     42404      42143
     42368      42109
     42421      41944
     42520      42038
     42211      41858
     42341      42130
     42193      42203
     42509      42047
     42421      41826
     42612      41940
     42358      42217
     42461      41973
     42379      42003
     42278      42190
     42446      42021
     42452      42210
     42007      42381
     42236      42145
     42227      42458
     42306      42298
     42001      42611
     42141      42307
     42202      42391
     42084      42436
     42087      42387
     42070      42454
     42086      42262
     42010      42468
     42145      42347
     41933      42360
     41954      42321
     41883      42711
     41824      42717
     41860      42636
     41792      42511
     41752      42691
     41261      43189
     41799      42562
     40917      43573
     38487      47159
     33420      53569
     28046      60453
     23028      67235
     17812      74206
     12652      81493
      7822      88567
      2776      95888
