# numero_iteraciones:  1
# numero_hilos:        4330
# max_path_length:     1500000
# beta_diff:           1
# delta_diff:          0.5
# Tmin:                1000
# Tmax:                1500
# densidad_uniforme:   0
# Cyril:               1
# Z-Order              0
# emisividad:          0.85
# lambda:              0.03765
# difusion:            0.499968
# num_intervalos:      64
# umbral_bbox_hits:    50
# object_name:         kelvinCell.obj
# caminos_generados:   263873
# caminos_cortados:    13247
# %% cortados:         4.78024
# puntos_generados:    181524426
# tiempo:              1m 33s

      4178        127
      3928        335
      3631        575
      3392        788
      3109       1038
      2913       1239
      2648       1467
      2388       1728
      2251       1841
      2241       1882
      2176       1912
      2221       1882
      2170       1931
      2148       1944
      2186       1933
      2230       1880
      2069       2033
      2168       1921
      2137       1968
      2119       1988
      2069       2009
      2150       1955
      2094       2022
      2100       2027
      2088       2035
      2063       2023
      2083       2029
      2100       1996
      2074       2035
      2140       1975
      2067       2027
      2071       2033
      2055       2063
      2035       2050
      2024       2057
      1996       2105
      2073       2044
      2062       2038
      1997       2142
      2041       2063
      1932       2156
      1967       2142
      1963       2138
      2020       2084
      1995       2108
      1946       2152
      1999       2103
      1947       2166
      1893       2189
      1978       2121
      1984       2120
      1925       2164
      1932       2188
      1874       2221
      1883       2238
      1830       2234
      1646       2486
      1471       2612
      1202       2932
      1034       3108
       819       3375
       566       3645
       339       3925
       126       4170
